3.001978635787963867e+00
5.873436331748962402e-01
1.957812011241912842e-01
0.000000000000000000e+00
-1.305208057165145874e-01
-6.526040285825729370e-02
3.263020217418670654e-01
3.915624022483825684e-01
6.526040285825729370e-02
-6.526040285825729370e-02
3.263020217418670654e-01
-1.305208057165145874e-01
6.526040285825729370e-02
2.610416114330291748e-01
6.526040434837341309e-01
4.568228125572204590e-01
2.610416114330291748e-01
1.305208057165145874e-01
-2.610416114330291748e-01
-3.263020217418670654e-01
-1.957812011241912842e-01
-3.263020217418670654e-01
-1.305208057165145874e-01
1.957812011241912842e-01
1.957812011241912842e-01
1.305208057165145874e-01
-3.263020217418670654e-01
-1.305208057165145874e-01
3.263020217418670654e-01
2.610416114330291748e-01
-3.915624022483825684e-01
-6.526040285825729370e-02
-2.610416114330291748e-01
-6.526040285825729370e-02
6.526040285825729370e-02
-3.263020217418670654e-01
-4.568228125572204590e-01
-5.873436331748962402e-01
6.526040285825729370e-02
3.263020217418670654e-01
-1.957812011241912842e-01
-1.957812011241912842e-01
2.610416114330291748e-01
3.915624022483825684e-01
1.957812011241912842e-01
-4.568228125572204590e-01
-5.873436331748962402e-01
-6.526040434837341309e-01
-5.873436331748962402e-01
-4.568228125572204590e-01
-1.957812011241912842e-01
3.263020217418670654e-01
-1.957812011241912842e-01
-5.220832228660583496e-01
6.526040285825729370e-02
6.526040285825729370e-02
1.957812011241912842e-01
1.957812011241912842e-01
-1.957812011241912842e-01
-3.263020217418670654e-01
-3.263020217418670654e-01
0.000000000000000000e+00
0.000000000000000000e+00
-3.263020217418670654e-01
-4.568228125572204590e-01
-6.526040285825729370e-02
2.610416114330291748e-01
1.305208057165145874e-01
1.957812011241912842e-01
3.263020217418670654e-01
4.568228125572204590e-01
2.610416114330291748e-01
1.957812011241912842e-01
6.526040285825729370e-02
-4.568228125572204590e-01
-3.915624022483825684e-01
-2.610416114330291748e-01
2.610416114330291748e-01
-1.305208057165145874e-01
6.526040285825729370e-02
1.957812011241912842e-01
1.305208057165145874e-01
-6.526040285825729370e-02
6.526040434837341309e-01
5.220832228660583496e-01
1.957812011241912842e-01
-0.000000000000000000e+00
-1.305208057165145874e-01
-1.305208057165145874e-01
-1.305208057165145874e-01
-3.263020217418670654e-01
-0.000000000000000000e+00
4.568228125572204590e-01
-3.915624022483825684e-01
-1.305208057165145874e-01
3.263020217418670654e-01
4.568228125572204590e-01
-1.957812011241912842e-01
9.136456251144409180e-01
1.957812011241912842e-01
-1.957812011241912842e-01
1.305208057165145874e-01
-1.305208057165145874e-01
3.263020217418670654e-01
3.915624022483825684e-01
-2.610416114330291748e-01
-1.305208057165145874e-01
6.526040285825729370e-02
-1.957812011241912842e-01
-6.526040285825729370e-02
2.610416114330291748e-01
6.526040434837341309e-01
4.568228125572204590e-01
1.957812011241912842e-01
-1.957812011241912842e-01
-2.610416114330291748e-01
-1.957812011241912842e-01
-3.263020217418670654e-01
-1.957812011241912842e-01
1.305208057165145874e-01
6.526040285825729370e-02
-6.526040285825729370e-02
-1.305208057165145874e-01
-5.220832228660583496e-01
-1.957812011241912842e-01
3.263020217418670654e-01
7.831248044967651367e-01
1.957812011241912842e-01
-1.957812011241912842e-01
-5.220832228660583496e-01
2.610416114330291748e-01
6.526040285825729370e-02
-1.305208057165145874e-01
-4.568228125572204590e-01
-1.957812011241912842e-01
1.957812011241912842e-01
0.000000000000000000e+00
-2.610416114330291748e-01
-5.873436331748962402e-01
3.915624022483825684e-01
6.526040434837341309e-01
1.305208057165145874e-01
-2.610416114330291748e-01
-5.873436331748962402e-01
-6.526040434837341309e-01
-3.263020217418670654e-01
-6.526040285825729370e-02
-6.526040285825729370e-02
-1.305208057165145874e-01
-3.263020217418670654e-01
-6.526040285825729370e-02
4.568228125572204590e-01
-6.526040285825729370e-02
-1.305208057165145874e-01
7.831248044967651367e-01
1.305208057165145874e-01
-3.263020217418670654e-01
-5.873436331748962402e-01
-7.831248044967651367e-01
-6.526040285825729370e-02
-3.263020217418670654e-01
-3.915624022483825684e-01
3.915624022483825684e-01
-6.526040285825729370e-02
-5.220832228660583496e-01
1.305208057165145874e-01
-1.957812011241912842e-01
-2.610416114330291748e-01
1.957812011241912842e-01
1.957812011241912842e-01
-2.610416114330291748e-01
-4.568228125572204590e-01
-6.526040434837341309e-01
-7.831248044967651367e-01
1.305208057165145874e-01
-2.610416114330291748e-01
1.957812011241912842e-01
-0.000000000000000000e+00
-4.568228125572204590e-01
-5.220832228660583496e-01
-3.915624022483825684e-01
-1.957812011241912842e-01
2.610416114330291748e-01
4.568228125572204590e-01
1.305208057165145874e-01
-6.526040285825729370e-02
-2.610416114330291748e-01
-2.610416114330291748e-01
-1.957812011241912842e-01
-1.305208057165145874e-01
-1.957812011241912842e-01
-1.957812011241912842e-01
-1.957812011241912842e-01
-2.610416114330291748e-01
-6.526040285825729370e-02
1.305208057165145874e-01
5.873436331748962402e-01
